HELSINKI NEIGHBOURHOODS

01 Kruununhaka 00170 // 60.172107, 24.954178

02 Kluuvi 00100 // 60.173259, 24.933584

03 Kaartinkaupunki 00130 // 60.1650881, 24.9476418

04 Kamppi 00100, 00120, 00180 // 60.166391, 24.9234026

05 Punavuori 00120, 00150 // 60.1621452, 24.9319939

06 Eira 00150 // 60.1556725, 24.9362022

07 Ullanlinna 00140, 00150 // 60.1580205, 24.9384446

08 Katajanokka 00160 // 60.1665885, 24.9671707

09 Kaivopuisto 00140 // 60.158408, 24.9512708

10 Sörnäinen 00500, 00580 // 60.1864318, 24.9602159

11 Kallio 00500, 00530 // 60.1839127, 24.9419275

12 Alppiharju 00500, 00510, 00520 // 60.1879465, 24.9353638

13 Etu-Töölö 00100 // 60.1738164, 24.9061667

14 Taka-Töölö 00250, 00260 // 60.1843993, 24.907127

15 Meilahti 00270, 00250, 00290 // 60.1828491, 24.8735456

16 Ruskeasuo 00280, 00300 // 60.2026787, 24.8953519

17 Pasila 00230, 00240, 00520 // 60.2060265, 24.9118616

18 Laakso 00250, 00270 // 60.1935664, 24.9085593

19 Mustikkamaa-Korkeasaari 00570 // 60.177896, 24.9818207

20 Länsisatama 00100, 00150, 00180, 00220 // 60.1592143, 24.9152424

21 Hermanni 00550, 00580 // 60.195107, 24.9580207

22 Vallila 00510, 00520, 00550 // 60.1944453, 24.9482699

23 Toukola 00550, 00560 // 60.2060481, 24.9642523

24 Kumpula 00520, 00560, 00610 // 60.2091177, 24.9559807

25 Käpylä 00610 // 60.2141729, 24.9420262

26 Koskela 00600 // 60.2182722, 24.9575242

27 Vanhakaupunki 00560 // 60.2161653, 24.9700516

28 Oulunkylä 00620, 00630, 00640, 00650 // 60.229092, 24.9546694

29 Haaga 00310, 00320, 00350, 00400, 00440 // 60.2218734, 24.8874396

30 Munkkiniemi 00330, 00340, 00350 // 60.1982802, 24.8672338

31 Lauttasaari 00200, 00210 // 60.1576285, 24.8565393

32 Konala 00390 // 60.2369982, 24.8362334

33 Kaarela 00410, 00420, 00430 // 60.2512399, 24.8725826

34 Pakila 00660, 00680 // 60.2441912, 24.9393739

35 Tuomarinkylä 00670, 00690 // 60.256375, 24.9580692

36 Viikki 00560, 00790 // 60.2251552, 25.0113004

37 Pukinmäki 00720, 00721 // 60.2449701, 24.9802863

38 Malmi 00700, 00701, 00710, 00711, 00730, 00731, 00780, 00781 // 60.2510316, 25.0018078

39 Tapaninkylä 00730, 00731, 00780, 00781 // 60.2622349, 25.0023203

40 Suutarila 00730, 00740, 00750 // 60.2809253,25.0021975

41 Suurmetsä 00730, 00750, 00751, 00760, 00761, 00770 // 60.265617, 25.070425

42 Kulosaari 00570 // 60.1852085, 24.994778

43 Herttoniemi 00800, 00810, 00811, 00820 // 60.201975, 25.0191278

44 Tammisalo 00830 // 60.191573, 25.0562826

45 Vartiokylä 00900, 00910, 00920, 00930, 00950 // 60.2172384, 25.0868261

46 Pitäjänmäki 00360, 00370, 00380, 00390 // 60.2229897, 24.8533073

47 Mellunkylä 00920, 00940, 00950, 00970 // 60.2336444, 25.0933298

48 Vartiosaari NO POST NUMBER // 60.1847993,25.0678388

49 Laajasalo 00590, 00840, 00850, 00870 // 60.1713144, 25.0362559

50 Villinki 00850 // 60.1575497,25.1029367

51 Santahamina 00860 // 60.1451842, 25.0376117

52 Suomenlinna NO POST NUMBER // 60.1454027, 24.9859514

53 Ulkosaaret 00860 // 60.1374237, 24.9127053 (pihlajasaari coordinates)

54 Vuosaari 00960, 00980, 00990 // 60.2143157, 25.111263

55 Östersundom 00890 // 60.2507942, 25.1761584

56 Salmenkallio 00890 // 60.2383836, 25.1643773

57 Talosaari 00890 // 60.243621, 25.2020785

58 Karhusaari 00890 // 60.2507968, 25.2107609

59 Ultuna 00890 // 60.2785743, 25.1864136
